9263.997713506174
9334.99908293855
9407.778798365631
9474.42607532221
9536.622483750032
9593.851978132894
9649.663486973361
9702.272320220183
9752.372941055737
9800.103493621633
9845.701929694051
9889.331888624412
9931.126726027689
9971.243043165172
10009.86246868996
10047.16732902985
10083.36811874872
10118.52728120444
10152.68372238429
10185.87970008056
10218.14510693162
10249.50411383363
10279.98668252422
10309.62925679315
10338.45295582867
10366.46673968758
10393.68844574296
10420.13455257196
10445.83134055737
10470.79621939062
10495.04731008673
10518.60537576788
10541.48858440562
10563.71605555941
10585.31864718659
10606.31865005254
10626.74028943168
10646.6106967385
10665.96143942653
10684.81497252478
10703.1872293677
10722.80902712162
10740.39270771548
10757.45603802491
10774.05776969275
10790.21231242766
10805.92533692479
10821.20360080119
10836.05319525701
10850.4783371933
10864.48191289352
10878.06894623351
10891.24112695188
10904.00148287147
10916.35165433283
10926.52622146082
10938.4255952995
10949.55889314782
10960.40071854063
10970.85262982011
10980.9404196057
10990.67323580535
11000.06227723864
11009.11978741976
11017.85954882329
11026.29369866802
11034.43564418351
11042.29923309961
11049.89844703971
11057.24641888529
11064.35717112058
11071.24784679515
11077.93305173443
11084.42817079786
11090.74575685422
11096.89764787099
11102.89347108075
11108.74264170434
11114.45304784774
11120.03027887301
11125.47923195877
11130.80327547381
11136.00368497938
11141.0799148822
11146.02856575342
11150.84619462691
11155.52900818478
11160.07249223678
11164.47241731748
11168.72370145546
11172.81970347089
11176.7549675967
11180.52766229697
11184.13600908058
11187.57889719711
11190.85568191525
11193.96631706635
11196.9109428256
11199.6898322712
11202.30444789543
11204.75650637243
11207.04846174176
11209.18355296868
11211.16595435708
11213.00106697936
11214.69692712866
11216.26277836405
11217.70691586155
11219.03810401913
11220.26526187087
11221.39057037662
11222.41606907683
11223.34541747548
11224.18345974061
11224.93577289182
11225.60876527801
11226.20950085407
11226.74543418336
11227.22373999037
11227.65379747571
11228.04571786159
11228.40822178441
11228.75024948889
11229.08036189485
11229.40556832342
11229.73032176587
11230.05627875921
11230.39488240042
11230.7548530504
11231.14131764864
11231.55957982226
11232.01411093159
11232.50817192327
11233.04430873377
11233.62438567423
11234.24956041286
11234.9203675348
11235.63682552618
11236.39840311029
11237.20416452873
11238.05274017624
11238.94242583163
11239.87129367641
11240.83730197694
11241.83856275109
11242.87384923862
11243.94491606829
11245.06086475806
11246.21295457164
11247.39193553864
11248.58882662485
11249.79447346178
11250.99903150276
11252.19273186029
11253.36560957612
11254.50763542663
11255.60880669531
11256.65920475756
11257.64913197811
11258.56927757828
11259.41084710637
11260.16567623082
11260.82634666895
11261.3864878389
11261.84118691271
11262.18742319711
11262.4250507834
11262.5584979556
11262.59764139942
11262.54312659303
11262.39734860725
11262.16362279261
11261.8463460885
11261.45064272577
11260.9823285422
11260.44790513784
11259.85437666658
11259.20927581714
11258.52068843922
11257.79713615072
11257.04702273642
11256.27886274029
11255.50121118852
11254.72246869827
11253.95064407564
11253.19310234568
11252.45492499808
11251.73306638194
11251.01608059179
11250.30925315698
11249.62328200581
11248.96635209055
11248.34600280884
11247.76899291472
11247.2413931428
11246.76822905737
11246.35362146305
11246.00130719673
11245.71431946925
11245.49476281997
11245.34386062206
11245.26169230008
11245.24685136592
11245.2957617735
11245.40724852533
11245.58033452986
11245.81693167671
11246.11941979481
11246.48904178798
11246.92329158376
11247.4094199757
11247.93669235352
11248.49381549704
11249.06894508924
11249.64977215597
11250.22379227988
11250.77867943104
11251.30195027715
11251.78118100497
11252.20409547559
11252.55858017869
11252.83302239049
11253.01631930472
11253.09810758008
11253.06895315233
11252.92061015904
11252.64540344678
11252.2382915723
11251.70055803901
11251.04449868922
11250.27618259188
11249.39530378095
11248.40430288141
11247.30705353659
11246.10876732218
11244.81561023613
11243.4346753161
11241.97401535709
11240.44259757872
11238.85008046964
11237.20678195509
11235.5236300634
11233.81202690789
11232.08374352975
11230.35088823895
11228.6256554612
11226.91871683917
11225.23757342006
11223.58597740596
11221.95973216522
11220.3600687317
11218.80432933514
11217.30439593804
11215.87095381443
11214.51286132332
11213.23727760672
11212.04978920152
11210.95449151446
11209.95403583467
11209.04964294553
11208.2410146905
11207.52651801273
11206.90314005731
11206.36652323797
11205.91092943089
11205.52916466811
11205.21464750402
11204.96155987759
11204.7638864817
11204.61555365853
11204.50925183448
11204.425401041
11204.34686956092
11204.25771227803
11204.14306672752
11203.98951821203
11203.78486192053
11203.51811079971
11203.17951151158
11202.76056444355
11202.25416010259
11201.65461750684
11200.95775536078
11200.16101576447
11199.26358998386
11198.26675144407
11197.17364840486
11195.98883042817
11194.71919312097
11193.37535849841
11191.97489435776
11190.53773389109
11189.08008564672
11187.61737893301
11186.16361398378
11184.73149910166
11183.33244832994
11181.97656883918
11180.67265415473
11179.42813256577
11178.2492353058
11177.14084241881
11176.10607349206
11175.14668684188
11174.26294224958
11173.45337442401
11172.71339226082
11172.03622286057
11171.41440136222
11170.83900988358
11170.29616757631
11169.76964272369
11169.25090593821
11168.73146387626
11168.20483246133
11167.66582171514
11167.11057430291
11166.53655519754
11165.94254101272
11165.32836084601
11164.69507764928
11164.04497418279
11163.3815394623
11162.70950156067
11162.03481387092
11161.36472956405
11160.70915765089
11160.07820546966
11159.4811865407
11158.92678919871
11158.42430186232
11157.98563210588
11157.62130492841
11157.339253499
11157.14558337743
11157.04444306284
11157.03846455574
11157.12859604893
11157.31415713955
11157.59289946967
11157.96118134208
11158.41376286936
11158.94409791532
11159.54412623525
11160.20451020022
11160.91460717206
11161.66289264936
11162.44015359248
11163.23757705797
11164.04732955158
11164.86298502228
11165.68006826593
11166.4821147092
11167.25142069336
11167.97370371033
11168.63616790981
11169.22896216049
11169.74412130429
11170.17516326901
11170.51780824811
11170.76893975309
11170.92783180718
11170.9948872033
11170.97317238726
11170.86689299212
11170.68307493444
11170.42972672517
11170.11101621127
11169.7332829322
11169.30419878897
11168.83130847194
11168.32644625087
11167.81453796716
11167.32528419545
11166.88510926351
11166.51871089424
11166.24906648738
11166.09646161617
11166.08010155676
11166.21628768055
11166.52019949353
11167.00418425754
11167.67920447407
11168.55360875005
11169.63384929511
11170.92425346655
11172.42641352641
11174.13958398749
11176.06057070419
11178.1838952721
11180.50035392919
11182.99350581481
11185.64045113761
11188.42345738017
11191.32539095619
11194.33012925744
11197.42270455393
11200.58933847017
11203.81728280168
11207.09453786777
11210.41023846304
11213.75470485073
11217.1192528308
11220.49637146632
11223.88028457451
11227.26695791738
11230.65397980354
11234.04673238866
11237.45189332824
11240.87832291534
11244.33651971663
11247.84330989142
11251.42649034773
11255.09226060643
11258.84450612908
11262.68790204426
11266.61932655239
11270.63477483774
11274.73088319266
11278.90287641288
11283.14565289233
11287.45258258792
11291.81577905054
11296.2267443348
11300.67653190536
11305.15547739709
11309.65577756118
11314.16366877638
11318.66379112628
11323.14210205447
11327.58673592166
11331.98651394741
11336.33132994758
11340.60841531569
11344.80718963149
11348.91924174491
11352.93823662541
11356.86035834704
11360.68335305889
11364.40707910759
11368.03289408513
11370.33944266543
11373.64942274513
11376.91920911977
11380.13129573904
11383.29498614834
11386.4227467718
11389.52143295178
11392.59374621419
11395.64170208846
11398.6649866509
11401.65610264515
11404.64198167986
11407.65525091165
11410.72380292211
11413.87332953194
11417.12627209025
11420.50293331013
11424.02143103638
11427.69784569687
11431.54596935867
11435.57709866354
11439.80043276912
11444.68242683313
11448.9496225478
11453.63930326621
11458.46854831941
11463.50892297562
11468.75570809109
11474.21486453379
11479.88443169586
11485.75715838032
11491.81623021443
11498.03351757439
11504.38189747626
11510.83298358482
11517.3577851598
11523.92746677496
11530.51298158382
11537.08504796881
11543.6145179123
11550.07274387084
11556.43043012826
11562.6593086915
11568.73197220078
11574.62116135594
11580.3015320182
11585.74951341598
11590.94228167824
11595.86317934251
11600.50187691398
11604.85725746335
11608.94538476594
11612.800279614
11616.4218642575
11619.81146715966
11622.97243970371
11625.90962490652
11628.62957209576
11631.14075718072
11633.45404379175
11635.58077140555
11637.53415606034
11639.32875396402
11640.97975235924
11642.50407303163
11643.91900612586
11645.24257489557
11646.49120557032
11647.67468882092
11648.80202989809
11649.87828063303
11650.90036029194
11651.85461836211
11651.69910216515
11652.58919360212
11653.56352950452
11654.58832332998
11655.67201455999
11656.82311856059
11658.04952012705
11659.3564887038
11660.74825131416
11662.22629604617
11663.79040917873
11665.05598299199
11666.62010196448
11668.29332216115
11670.02911741578
11671.84175315597
11673.72525053859
11675.67578925633
11677.68496217998
11679.74261149396
11681.82629221998
11683.90694604158
11685.95856981827
11687.95625170816
11689.87596683764
11691.69479820849
11693.39025586705
11694.94113563911
11696.32690967418
11697.52870106172
11698.52823470906
11699.30959392348
11699.8580565333
11700.16137892392
11700.20714198922
11699.97983574828
11699.47168292472
11698.6820508957
11697.61703788539
11696.29620091157
11694.75523802309
11693.0154784465
11691.09890280796
11689.02842122909
11686.82806428376
11684.52200993295
11682.13421420427
11679.68904835625
11677.21091650424
11674.72238951992
11672.24697273544
11669.80836968892
11667.42836311313
11665.12841492985
11662.93235953748
11660.86201149008
11658.932445271
11657.15367061875
11655.52960109224
11654.05310790648
11652.70161358635
11651.47639632271
11650.38125530231
11649.41388453475
11648.56948924163
11647.83965211371
11647.21443754676
11646.68318107917
11646.23267896173
11645.848584974
11645.51601490038
11645.21787606652
11644.9351128849
11644.64919951002
11645.48354250309
11645.14796700225
11644.69559517656
11644.16415676092
11643.55453833077
11642.87815788629
11642.13453092804
11641.29612675929
11640.34384755442
11639.26207233481
11638.0372331349
11636.65964521212
11635.12183703506
11633.4182556431
11631.54712250724
11629.50854576142
11627.30468842453
11624.94158300464
11622.4270060526
11619.7717503798
11616.98598771665
11614.07899121196
11611.06054013053
11607.94213392967
11604.73587311223
11601.45343481259
11598.11954145571
11594.78126911786
11591.47956039007
11588.2493098381
11585.12143721437
11582.12339239012
11579.27736368845
11576.60229528983
11574.11286809284
11571.81946825198
11569.72956943442
11567.84566925794
11566.16729201752
11564.68980958016
11563.40391815466
11562.30111386689
11561.37030893558
11560.59939032515
11559.97294393219
11559.46956905965
11559.05586274076
11558.7015990826
11558.3832901691
11558.07945288421
11557.7724300507
11557.44647989006
11557.08908320788
11556.68950806175
11556.23959653871
11555.73331702246
11555.1670783245
11554.53968492526
11553.68354741907
11553.11696483139
11552.36070673066
11551.59182917955
11550.77125182357
11549.91169003166
11549.01653715001
11548.09454035959
11547.15951606881
11546.23710439862
11545.09404049354
11544.28655850966
11543.60485826694
11543.03940065728
11542.5973274892
11542.28443003463
11542.10474810173
11542.05974887239
11542.14844004153
11542.36734405625
11542.71026492048
11543.16878942135
11543.74022454682
11544.4191229098
11545.20067876799
11546.07834831931
11547.04241011555
11548.08198439261
11549.18307948542
11550.32180893552
11551.46269012474
11552.57816581808
11553.64403533191
11554.63753900153
11555.53820694882
11556.32732785535
11556.98768381677
11557.50347344981
11557.8607799775
11558.04772326392
11558.05442112089
11557.87322750172
11557.49409367669
11556.90665911898
11556.10394768021
11555.0848489868
11553.8518194261
11552.41272812748
11550.78441644154
11548.99706565623
11547.08908329894
11545.09669232933
11543.05480060571
11540.99568373117
11538.9498495052
11536.94609441199
11535.01157945728
11533.17094186274
11531.44675087829
11531.44492871312
11529.54236881732
11528.22172202931
11526.95444445118
11525.88675637655
11525.00560131654
11524.32713225035
11523.85494937896
11523.58886992383
11523.52277665824
11523.64117678455
11523.90915075537
11524.30685107368
11524.82251765159
11525.44151078634
11526.14954936572
11526.93236694571
11527.77525576918
11528.66339656092
11529.58187179625
11530.51587584971
11531.45075092017
11532.37191856177
11533.26535850715
11534.1222621511
11534.9341585495
11535.69537155649
11536.40089431252
11537.04736695809
11537.63506962926
11538.167834248
11538.65948227889
11539.1273012308
11539.56018918666
11539.95120547715
11540.29376622813
11540.58203331271
11540.81042551743
11540.97349958938
11541.06746881962
11541.08883926294
11541.03427106769
11540.90089408617
11540.68654740494
11540.38652085808
11539.99660453374
11539.51321599926
11538.93523081778
11538.26222387876
11537.49474863609
11536.63542767108
11535.68711721974
11534.65357294786
11533.55134958953
11532.39688329421
11531.20558798502
11529.99273431775
11528.77361845017
11527.56276032317
11526.37410706773
11525.22077724747
11524.11591555311
11523.07210120845
11522.1006053594
11521.20565003879
11520.39340169322
11519.66721198048
11519.02971416874
11518.48369461861
11518.02898478934
11517.6635898939
11517.3830911511
11517.17282833712
11517.02523917951
11516.94283122079
11516.92548950399
11516.97354834606
11517.08742478809
11517.26830615796
11517.51698191548
11517.83442043831
11518.22154358352
11518.67966114046
11519.21055564763
11519.81637594637
11520.49849824354
11521.25729484026
11522.09326977406
11523.00618583666
11523.99542036802
11525.06063270856
11526.20178676564
11527.42105853511
11528.72465727652
11530.10167516068
11531.5410165894
11533.03194405389
11534.56366996652
11536.12525804553
11537.70581404576
11539.29437208106
11540.88053547714
11542.45389630963
11544.00510070366
11545.53091797017
11547.02545336557
11548.48505493831
11549.90597839115
11551.28384884546
11552.61681945876
11553.90341614844
11555.14338044848
11556.34141777846
11557.51092723061
11558.65336267172
11559.75942490312
11560.82263944106
11561.83556607883
11562.79138255227
11563.68352567823
11564.50542039549
11565.25039217976
11565.91229674583
11566.48514575237
11566.9636076668
11567.3447496388
11567.62491933872
11567.80154632248
11567.87324726389
11567.83896477986
11567.69895429299
11567.45401897723
11567.10549191105
11566.65509698368
11566.11090441493
11565.48378276172
11564.7833098986
11564.01906269791
11563.20025618375
11562.33570542655
11561.43403086665
11560.50330261594
11559.55113792508
11558.5845879106
11557.61038151456
11556.63543869754
11555.66547768016
11554.70553935094
11553.75886695687
11552.82755316422
11551.91176159728
11551.0089666064
11550.11225345968
11549.20473715666
11548.28460642803
11547.35972360758
11546.43471294727
11545.51417630098
11544.60181257008
11543.700726781
11542.81345334428
11541.94201325946
11541.08793781901
11540.25215056738
11539.43492967131
11538.62860181504
11537.82962600552
11537.03291429922
11536.23591985493
11535.43790330515
11534.6370072832
11533.83307918764
11533.02658268912
11532.21423080033
11531.39433108416
11530.57255944564
11529.75375279753
11528.94417194309
11528.15173520265
11527.38516743453
11526.65384767147
11525.96850011899
11525.3406550959
11524.78241118081
11524.30697859546
11523.92446760016
11523.64359862871
11523.47083078719
11523.41030238512
11523.46455413835
11523.63416005539
11523.91830559404
11524.31502670479
11524.81994049152
11525.42679165261
11526.13227924777
11526.932496907
11527.82215194189
11528.79437864255
11529.84137435651
11530.95365657364
11532.12131037068
11533.33297323154
11534.57644320537
11535.84295954264
11537.12441364917
11538.41466247653
11539.70833415087
11541.00104922092
11542.2902406726
11543.57378082719
11545.8743470481
11547.20873131282
11548.49575649022
11549.78816330057
11551.0736692791
11552.33861264838
11553.57191807302
11554.76373979675
11555.90569664655
11556.99101539638
11558.01421221212
11558.97059263435
11559.85038861426
11560.646875531
11561.35124578804
11561.52228086302
11562.2245212872
11562.68228990734
11563.06938768988
11563.33961517156
11563.49975292905
11563.54753439752
11563.48768277785
11563.32751179287
11563.08182354085
11562.77696475129
11562.43854101399
11562.09028561132
11561.75469817283
11561.45223346051
11561.20113178397
11561.01836490069
11560.91933692182
11560.92456731084
11561.04899857274
11561.30857788019
11561.71380815789
11562.27413981982
11562.99610429951
11563.88125560157
11564.93081872185
11566.14148855102
11567.50547744875
11569.01095219645
11570.6361363877
11572.35226570369
11574.13799684971
11575.97046217804
11577.82680525702
11579.68569180549
11581.525921518
11583.32645772157
11585.06628712279
11586.72533788328
11588.28570081938
11589.73113014425
11591.04756231258
11592.2226908094
11593.24673020134
11594.11286489642
11594.81718275715
11595.35892041167
11595.7412173381
11595.97302540327
11596.07399016138
11596.07290165352
11595.97951046282
11595.80568289063
11595.56343640017
11595.26525651436
11594.92387108198
11594.55169221993
11594.16165584753
11593.76468319515
11593.36290302499
11592.96357679945
11592.57098588007
11592.18915595965
11591.82494312111
11591.48115770025
11591.16253652246
11590.87383861828
11590.61603046917
11590.3902504557
11590.18990974177
11590.00167604269
11589.84339751234
11589.73138894485
11589.67926373036
11589.70246892049
11589.81613588068
11590.03294314744
11590.365799725
11590.82984460413
11591.43897756128
11592.2047478497
11593.13443070394
11594.23560644255
11595.51259640053
11596.9668648959
11598.59861410176
11600.40488643788
11602.38129542726
11604.52178134067
11606.8160492964
11609.25038052543
11611.80592423881
11614.46252728331
11617.20172912253
11620.00416584398
11622.84953319196
11625.71739654714
11628.5875879439
11631.45702976115
11634.32833095894
11637.18450153101
11640.01125105166
11642.79585287953
11645.52704714906
11648.19652639021
11650.8009681183
11653.35968590166
11655.87317908562
11658.34109874956
11660.76872213677
11663.1725721348
11665.57088102424
11667.97208831176
11670.3812228958
11672.79128991826
11675.1961658136
11677.59064408102
11679.97244751444
11682.36232892461
11684.76396346036
11687.17218499374
11689.58109191777
11691.98480938463
11694.38616968214
11696.80205458847
11699.22659407006
11701.65230789904
11704.07236055299
11706.48108884158
11708.89471974857
11711.31215127009
11713.72843699624
11716.15771311554
11718.60926138269
11721.10599233038
11723.67296434203
11726.31465708333
11729.03251421635
11731.82619554778
11734.70083671962
11737.67525606888
11740.74511646027
11743.90501014587
11747.148247217
11750.47510601339
11753.9039971952
11757.42854199941
11761.03933845266
11764.72485280317
11768.47688940616
11772.30218613901
11776.17574176491
11780.07913186529
11783.99614299843
11787.92244460249
11791.86941541628
11795.82565136332
11799.77923323495
11803.719368816
11807.65309717231
11811.58978394609
11815.51821003781
11819.42590225351
11823.30208528851
11827.15880412926
11830.98954090656
11834.77849058723
11838.51054219749
11842.18321475529
11845.80937840144
11849.37784241177
11852.88138456099
11856.31760684497
11859.70779552712
11863.0517583975
11866.33952613098
11869.55968503772
11872.72035812549
11875.82518367738
11878.85863497389
11881.80637429718
11884.67049807454
11887.46329783826
11890.17395708754
11892.7936873584
11895.32771063607
11897.79437766698
11900.18636573547
11902.49646465332
11904.73341434745
11906.91728223185
11909.04364058338
11911.10000546874
11913.08810370754
11915.01363195768
11916.96272052669
11918.73686804447
11920.41486702062
11922.02340617539
11923.55563911903
11925.01305547355
11926.41715465218
11927.75987623782
11929.03299603363
11930.25426960217
11931.42072325157
11932.49485048439
11933.47811047597
11934.39583401117
11935.24457409309
11936.02532581886
11936.77875659427
11937.52752421763
11938.25665152766
11938.9985169088
11939.77416552147
11940.58909793641
11941.47382196288
11942.44120912792
11943.46929817134
11944.58462409484
11945.8111598873
11947.14907082929
11948.61926965628
11950.2073177512
11951.90628114115
11953.74544483184
11955.72638760722
11957.83856032483
11960.07389593223
11962.50980623555
11965.22080060655
11968.18039403197
11971.32417723557
11974.61608828664
11978.01421310093
11981.49790900699
11985.11345096139
11988.89693710831
11992.81673544561
11996.81825205082
12000.87684536646
12004.93054260499
12009.05744147027
12013.84796423889
12018.33470228545
12022.71436255148
12027.05030299676
12031.38230935508
12035.72936334699
12040.03462230318
12044.24248153315
12048.33450202924
12052.43363562196
12056.52373691492
12060.56774630013
12064.53447894036
12068.50381492952
12072.55268013149
12076.63943017624
12080.70016102752
12084.72413078541
12088.85117008421
12093.08452285863
12097.3790811972
12101.72812529839
12106.24328717373
12111.01675487848
12116.0991423664
12121.52873285915
12127.28238637362
12133.38926579913
12139.72915951398
12146.24299476329
12152.91115558804
12159.80594712208
12166.8813562832
12174.09778130297
12181.4015902643
12188.84564340101
12196.39475809666
12203.99175565139
12211.5887888476
12219.25207728761
12226.98084680625
12234.68563782113
12242.27915347153
12249.8280292323
12257.3278017607
12264.69689609939
12271.83621649943
12278.8144054236
12285.60040305104
12292.07557372754
12298.17590895002
12303.97508198855
12309.38359066959
12314.28068331186
12318.62215345892
12322.47134971736
12325.76417573038
12328.48064088666
12330.62745699964
12332.22519019256
12333.18977942546
12333.43254811491
12332.98077645106
12331.85861254793
12330.08346759296
12327.60643917743
12324.49050494596
12320.67979405152
12316.115554728
12310.98597867479
12305.30368210857
12298.99551084486
12292.12648252455
12284.76001851653
12276.90706537325
12268.59991933182
12259.93753398437
12250.87984276983
12241.41197935085
12231.70663219378
12221.77551414809
12211.55059448223
12201.10493915019
12190.54559709383
12179.8365106644
12169.06644807027
12158.23295610594
12147.3331472039
12136.51413962487
12125.82105034115
12115.21056542459
12104.76923343055
12094.61780501953
12084.73851777546
12075.22946002235
12066.05597957093
12058.13745452749
12055.16309754272
12054.83959644349
12054.06517873737
12049.87067124631
12043.34183910567
12037.10648235462
12031.51104229296
12030.3225382762
12032.38835817839
12034.60760630152
12033.98609663463
12029.99557290562
12027.62003659198
12029.80490027721
12033.78622642387
12036.62157209643
12035.4391761827
12034.31297014068
12037.38366963809
12041.86403215285
12044.75118535812
12043.29579479773
12043.39682168592
12046.68314702166
12050.32895649286
12051.47369547203
12049.33137228971
12050.95205722619
12054.69054500726
12057.65949090089
12056.95667929716
12056.73942368885
12060.2834761658
12064.73361152076
12067.18283162376
12066.84770146139
12070.40889282895
12076.29104030227
12081.70295288277
12084.01799819971
12088.1433757409
12095.81863032472
12104.33479663201
12110.96564078251
12117.13734852482
12128.07781834245
12141.05517614068
12152.89184678026
12162.2916807838
12174.85925596811
12188.94793742083
12201.48367195381
12210.33489639182
12220.42482828953
12231.5623609965
12240.7788023841
12245.66499830237
12250.10936809301
12255.27260970592
12258.31735725238
12256.80026242217
12253.96570666269
12251.59651178096
12246.95654082523
12237.86182564579
12227.42605762116
12217.39160494894
12205.25625649365
12189.36690784177
12172.95290565021
12157.48119297133
12142.03510923821
12122.6758578416
12103.98111820327
12086.70717848395
12068.40417798759
12049.20919748258
12031.93234439355
12016.08735433116
11999.48265250846
11983.42852940214
11969.91022042837
11957.59609326119
11945.33412092182
11934.59620173767
11926.42016646996
11917.3877041188
11911.31802489293
11906.9874545508
11904.43024810584
11902.29921407975
11901.40479511653
11902.47741095421
11903.63445434214
11905.39073929287
11907.66885957414
11910.00050537476
11912.42514663371
11914.16521315141
11915.71757766047
11916.49801651213
11916.27499981162
11915.26337217878
11912.99172868197
11909.59335834123
11904.46109881043
11897.95229956335
11890.46481081899
11880.42076139907
11868.9261798642
11856.50144022881
11841.24789771765
11824.76770168691
11807.34073626806
11786.99732466006
11766.20368796941
11744.70161146261
11720.94261218909
11698.15587674823
11674.3171448753
11649.15146581355
11625.48404540095
11599.93424216739
11574.57096943264
11550.22457344242
11523.81898937448
11499.39486392404
11474.06127359213
11448.77363647783
11424.97210730355
11399.53975246352
11376.33942769056
11352.10992065039
11329.32642683527
11306.75550708959
11284.3470416062
11263.10401535876
11241.81270267923
11221.8023017446
11201.86242842784
11183.06400903347
11164.88334382451
11147.47161695174
11130.9567561876
11115.18948344328
11100.29930789834
11086.58962794416
11073.13766459536
11061.49592364932
11050.26381990294
11040.14268628
11031.2594188355
11023.33857513727
11016.87586787334
11011.68615387263
11007.76322065418
11005.61415479066
11005.71420152689
11008.46796793163
11015.3036671602
11030.50588576146
11048.63180971996
11058.5446072629
11053.24375918446
11031.7222704941
11003.45892678141
10973.70144007186
10942.84325813496
10911.18523369046
10878.99560450651
10846.60282635245
10814.346208177
10782.41046594331
10751.07662269618
10720.63650981613
10691.27043222163
10663.15909142988
10636.54219437856
10611.58308973136
10588.35088749001
10567.01054312889
10547.68265163348
10530.36727731728
10515.12721097614
10502.01479340624
10490.92739985184
10481.81815916461
10474.62380950606
10469.0831400121
10464.9220001545
10461.83317979782
10459.46735632709
10457.56056732243
10455.88989622609
10454.12629183552
10452.0639814542
10449.49649801695
10446.15642350007
10441.89851462387
10436.54308790668
10429.89264259188
10421.85318014523
10412.23278437852
10400.93302954325
10387.87417499737
10372.91843853978
10356.04613587314
10337.15928737892
10316.25057972091
10293.32070230354
10268.34892580887
10241.41997924508
10212.56002369625
10181.93203658692
10149.66763811711
10116.06468052186
10081.34416665125
10045.78592902272
10009.59606177613
9973.022353643006
9936.213812184125
9899.115230610838
9861.858093274876
9824.684967514926
9787.788894004012
9751.367569549169
9715.613491673612
9680.676744909815
9646.698754053257
9613.554584144647
9581.281458673739
9550.011426650693
9519.862345352774
9490.925646980844
9463.256505998055
9436.725912253778
9411.094977500143
9386.291766759037
9362.05255755233
9338.301531740026
9315.151538853521
9292.457143903323
9269.975974854375
9247.678018471197
9225.67851783605
9204.083437978945
9182.864067367884
9161.912926304321
9141.368825357469
9121.370735826889
9101.904099449635
9082.769119865265
9063.790361619665
9045.069741392494
9026.744652620895
9008.945711659491
8991.749077354323
8974.703507684606
8957.779541307002
8941.107069711323
8924.822330946157
8909.052368669238
8893.605150097615
8878.227204637589
8863.033970579874
8848.159877041413
8833.746687817051
8819.704719080768
8805.809382682985
8792.076665702054
8778.653072048823
8765.678231771815
8753.080408413742
8740.767947851966
8728.645603312405
8716.860507981866
8705.550074661918
8694.62778358285
8684.104586760388
8673.839621949266
8663.923962473906
8654.462399336962
8645.751829434817
8637.105160773875
8628.7068920006
8620.59501495939
8612.834155403212
8605.292953203316
8598.077824679869
8591.102723549548
8584.341320777037
8577.790623840678
8571.356286716651
8565.175573512783
8559.194600171531
8553.366003363766
8547.586405483016
8541.891748114544
8536.427240315363
8531.177616445888
8526.030695971529
8520.882358577484
8515.860445794244
8511.126802322115
8506.628788997619
8502.13567235037
8497.656927496266
8493.34552737281
8489.341825654337
8485.474150880789
8481.511281839248
8477.569581609496
8473.78335131226
8470.252043241731
8466.620725361725
8462.888332712128
8459.199882120471
8455.692040226719
8452.244468945444
8448.615183793019
8444.897771384211
8441.21317315829
8437.542694891832
8433.681006459878
8429.584101309898
8425.377398229097
8421.074164304739
8416.597264308728
8411.840694506478
8406.877648700582
8401.727238172009
8396.34676134612
8390.756453163058
8384.908972517202
8378.805106870326
8372.435653215176
8365.936230556832
8359.219816441928
8352.218760102389
8345.007224877803
8337.782571041955
8330.495355010436
8322.985675950851
8315.385586678991
8307.886416581856
8300.440594277658
8292.829894596229
8285.2231546001
8277.794770126737
8270.425101191067
8262.970023921172
8255.591006580305
8248.378225246854
8241.20724028047
8234.0087963388
8226.913830971673
8221.151873527891
8213.78742510098
8206.81325703814
8199.719501591986
8192.632973119606
8185.582270654353
8178.441255686785
8171.19569085864
8164.029737315581
8156.874001210997
8149.561710512522
8142.269770888122
8135.084268295899
8127.77144786853
8120.436240306795
8113.159233357055
8105.882647884775
8098.569060815717
8091.228856031586
8083.922541535334
8076.637690574862
8069.240695104356
8061.872035875869
8054.570184121647
8047.123152852409
8039.701059885772
8032.295049429991
8024.798191685175
8017.239069054953
8009.636392829612
8001.96751650264
7994.104172526617
7986.209338966008
7978.152180683712
7969.918251280953
7961.546477384725
7953.056703676912
7944.30719032876
7935.440640784716
7926.346267542394
7917.00482043384
7907.445201198265
7897.603931250842
7887.440463074967
7877.001145008651
7866.160573058731
7854.934673597496
7843.324055921701
7831.181103067625
7818.540553140605
7805.250884334931
7791.222129159527
7776.338520120629
7760.21524505731
7742.620205661677
7723.71650203042
7704.518782323887
7683.915290727604
7662.869213149415
7641.659883067563
7620.546392327467
7599.763647065882
7579.54098715982
7560.075075034352
7541.584881726696
7524.207244255549
7508.139907094561
7493.486234709148
7480.365492854193
7468.883804655998
7459.090606306556
7451.027840742292
7444.714198772293
7440.1185109342
7437.155702598271
7435.703024387889
7435.5442704664
7436.368649241915
7437.561724553028
7438.781068840311
7440.023127621918
7441.286198172595
7442.572782985513
7443.87529183225
7445.193555014761
7446.523915948093
7447.869717919921
7449.244088403735
7450.647875583518
7452.074093309373
7453.512555381347
7454.958386026574
7456.407836338389
7457.862061313939
7459.316186104494
7460.774036875819
7462.229028507116
7463.685132843068
7465.141728301074
7466.605514802472
7468.076336760105
7469.5548504697
7471.04484226125
7472.548730043294
7474.07288829292
7475.617595764772
7477.182471097241
7478.75911199353
7480.330832248223
7481.937657314415
7483.614004952182
7485.392113732061
7487.293184500531
7489.340616760512
7491.552537611073
7493.949217545283
7496.541855263922
7499.340034554163
7502.350404230136
7505.56991746271
7509.002208371414
7512.649585521407
7516.510482863519
7520.58122779067
7524.853875241803
7529.324730948143
7533.983887224203
7538.817953957858
7543.807556915905
7548.930181024965
7554.15758823863
7559.459477084436
7564.809898812833
7570.183440712468
7575.552853468005
7580.898946358906
7586.192332880259
7591.407131793185
7596.524335577775
7601.520624073353
7606.379459212994
7611.083801443674
7615.615362526438
7619.95162195669
7624.077547681434
7627.986955009123
7631.674839076353
7635.227659775859
7638.769439268031
7642.000788888578
7645.050993624072
7647.927826219315
7650.673488118655
7653.301399168786
7655.838346117802
7658.307616886997
7660.722168513479
7663.105882524196
7665.475783638865
7667.856017260332
7670.266906161449
7672.711713803872
7675.201778730314
7677.744979792958
7680.361790056686
7683.063768704658
7685.861931402456
7688.767147756829
7691.784128596828
7694.919114755761
7698.169895075684
7701.520255670453
7704.954366284079
7708.466446658378
7712.054609939045
7715.706094991578
7719.421426121702
7723.200838412313
7727.034951246122
7730.905322075116
7734.80037350696
7738.707792010306
7742.620209533861
7746.530503199736
7750.431252617545
7754.318170340846
7758.169180098595
7761.971352711467
7765.719390024175
7769.416133249139
7773.060307375659
7776.655037306855
7780.200626878894
7783.690849118439
7787.14009592579
7790.561093481279
7793.969596002789
7797.381493192435
7800.804586405075
7804.238889642269
7807.694715544178
7811.185939281277
7814.725413866405
7818.328448295646
7822.003003853028
7825.754027564697
7829.578530634899
7833.486476877932
7837.484986238489
7841.576055865868
7845.761304143571
7850.039576971625
7854.400630985574
7858.83888029276
7863.341725846456
7867.904118213979
7872.522248876498
7877.191763343055
7881.905654100083
7886.654465897738
7891.431286306855
7896.228932175361
7901.043189613139
7905.869952463558
7910.7128525468
7915.557531720791
7920.397346241842
7925.232457400763
7930.060379892091
7934.88393241226
7939.704835000892
7944.511921837568
7949.298888339077
7954.071156674574
7958.832924425253
7963.597714324967
7968.369394231826
7973.127580581895
7977.868067220565
7982.592248647128
7987.297548396295
7991.986315938606
7996.650798800258
8001.278933651753
8005.871657339925
8010.428418260359
8014.950777355129
8019.436704854483
8023.887262639291
8028.29891816999
8032.677722160688
8037.026436323384
8041.341749226707
8045.625066101351
8049.878320665048
8054.095173213154
8058.273951197265
8062.417696484597
8066.537611684525
8070.646107840543
8074.74899553359
8078.839111606807
8082.923833365283
8087.011986431988
8091.111275896059
8095.228365086374
8099.357883750587
8103.500797570428
8107.663049961737
8111.853326296108
8116.071388332593
8120.318001694895
8124.590050253431
8128.889797162899
8133.218516727993
8137.576150912028
8141.96368656099
8146.375004929769
8150.804165280515
8155.240436339962
8159.681959665386
8164.124381395743
8168.558846559294
8172.970217681892
8177.352595948181
8181.701819038115
8186.016530944631
8190.28462203351
8194.490941124794
8198.633934441053
8202.70856416791
8206.705982331336
8210.625268375057
8214.453304352221
8218.185179855271
8221.817370435656
8225.349773795964
8228.784560391037
8232.11538731265
8235.349349008022
8238.49525731727
8241.5605284675
8244.547608244373
8247.455099285955
8250.29048425208
8253.058846056279
8255.766126750224
8258.41976084015
8261.017002386001
8263.56170287472
8266.063438491385
8268.529079595819
8270.958357343237
8273.352306197798
8275.717763687115
8278.058862759242
8280.381772850753
8282.684399448564
8284.964030417743
8287.222687815894
8289.455892561873
8291.658370468733
8293.82733256664
8295.964461803758
8298.071273634941
8300.149139650226
8302.188646491311
8304.191088739375
8306.155074753846
8308.080960428617
8309.962586469786
8311.793828754164
8313.575777849792
8315.307234754429
8316.98062152393
8318.589149404954
8320.136948620822
8321.622373814173
8323.039863699723
8324.388101138076
8325.667763440253
8326.881781032431
8328.025404884762
8329.095890960349
8330.093292439618
8331.018000536757
8331.863272635404
8332.625902799578
8333.301478951007
8333.887169975942
8334.385919428969
8334.809101635185
8335.168984458585
8335.471118198479
8335.719260238755
8335.922769212253
8336.091022750627
8336.227890992019
8336.339591881046
8336.438203146794
8336.527816886983
8336.615307660912
8336.714485490576
8336.830137043889
8336.966973531744
8337.130958774193
8337.323122363236
8337.550267529316
8337.816857995684
8338.12269139922
8338.475500081729
8338.878630429581
8339.333599556225
8339.854062610424
8340.439509409794
8341.088719534875
8341.812636820698
8342.611063425642
8343.484358390999
8344.432586131992
8345.464106544105
8346.573836945599
8347.760720380422
8349.028501525425
8350.374769330492
8351.801596479738
8353.312419696209
8354.908779542002
8356.589092899754
8358.350178958497
8360.192237057872
8362.105725011115
8364.087865589727
8366.13669327959
8368.244761672509
8370.401629501403
8372.59943034418
8374.824212650472
8377.054212845866
8379.289073464375
8381.536024878462
8383.79629059772
8386.066958449279
8388.356405989174
8390.668105837605
8392.997393948934
8395.34768233256
8397.723497874162
8400.124047408175
8402.544910708773
8404.989124109792
8407.457215495493
8409.946503754138
8412.455004325333
8414.981841412122
8417.526534962099
8420.084284680905
8422.652765747733
8425.230308067719
8427.815051104944
8430.401998678664
8432.989604407605
8435.57607482733
8438.157352458418
8440.730472787323
8443.292417946666
8445.849972310223
8448.410204093732
8450.975377219369
8453.545326027313
8456.133106249023
8458.740415529282
8461.367191524665
8464.017593160816
8466.699640079853
8469.412803142606
8472.15919803026
8474.941385107602
8477.763137401615
8480.624897259837
8483.526196825329
8486.468206606804
8489.453316896213
8492.483052017502
8495.542691612038
8498.634388364286
8501.758753142194
8504.910900711146
8508.075647340671
8511.256080613128
8514.450753300753
8517.656348383623
8520.865991196371
8524.082343071885
8527.30502380193
8530.53265687141
8533.763506643099
8536.999791952834
8540.242890687829
8543.496183227271
8546.758981375171
8550.035187981428
8553.330149635243
8556.64527378737
8559.976391824646
8563.327917308588
8566.706919090213
8570.109612073491
8573.536031780091
8576.995014491213
8580.492660420745
8584.019058855281
8587.572418254824
8591.154246283117
8594.762770074803
8598.388276275475
8602.029430676288
8605.684504557827
8609.346180587356
8613.008322475776
8616.681376708862
8620.361541464177
8624.042212331113
8627.720174422104
8631.401068909312
8635.081809406263
8638.759468297396
8642.42929135852
8646.095645571253
8649.757294221663
8653.409154631008
8657.041786205953
8660.664346137657
8664.282894208978
8667.899589488559
8671.514724928256
8675.133187798063
8678.76338526669
8682.400548673033
8686.032366933081
8689.670038166798
8693.321089330908
8696.982546896308
8700.644493682701
8704.318115806795
8708.007989175623
8711.715702809788
8715.434350088612
8719.171897210588
8722.932348931341
8726.719573862396
8730.528718126847
8734.366509689689
8738.237922325761
8742.138578547434
8746.759465821931
8750.77133068739
8754.753779958439
8758.732691003768
8762.707151923862
8766.675799348204
8770.634220053949
8774.576895993148
8778.496568498569
8782.390248810625
8786.252111424685
8789.483702933683
8793.442204312152
8797.200220724248
8800.94953656813
8804.643179111803
8808.286191533469
8811.868340280978
8815.392532386411
8818.869476419146
8822.30532892337
8825.705839803677
8829.078426225873
8832.431392221009
8835.7635016319
8839.08439058248
8842.403358861302
8845.725559149734
8849.047239021402
8852.378539809766
8855.727471552091
8859.096992237181
8862.483209125499
8865.89156825789
8869.329563909687
8872.797536530636
8876.292704453148
8879.814458376903
8883.367466076503
8886.944771478198
8890.527976698171
8894.114140867199
8897.707478638195
8901.308586479479
8904.911137109439
8908.513938641294
8912.117448897261
8915.725801682958
8919.336505278041
8922.943972619187
8926.549411381131
8930.158623961386
8933.770560873972
8937.378921523767
8940.98577739623
8944.596300442176
8948.209681430213
8951.824070506224
8955.439879777006
8959.061122123137
8962.688553184154
8966.329800699536
8969.983260035246
8973.644212208681
8977.306432168227
8980.962530612615
8984.604325064913
8988.228954427403
8991.830508176838
8995.402742025011
8998.938744171697
9002.435603103582
9005.887429683426
9009.289975869644
9012.637870432714
9015.928823446055
9019.158118106179
9022.325678619271
9025.433752928338
9028.480304424664
9031.465394900557
9034.39207712564
9037.265920738377
9040.097078133818
9042.894312435346
9045.670286104139
9048.431891853979
9051.189169993886
9053.952200175567
9056.727882221698
9059.520818137446
9062.337240342325
9065.185591916763
9068.069251173143
9070.988555350696
9073.947555520894
9076.950196584332
9079.989716781887
9083.064833316759
9086.178072809465
9089.329456670552
9092.516309579054
9095.725338411074
9098.944933707671
9102.174085872721
9105.418785917394
9108.673877662713
9111.939688925971
9115.219772800538
9118.518765441157
9121.840619629807
9125.181701165335
9128.545641623732
9131.940345264664
9135.371713446648
9138.83930493327
9142.355728312294
9145.925977495492
9149.55111021807
9153.229935244091
9156.95944200807
9160.752129888624
9165.628394161686
9169.644972509255
9173.683321128026
9177.764448426415
9181.874866545006
9185.998390424713
9190.119684044981
9194.235039213545
9198.329786895483
9202.38626631071
9206.384448757162
9210.313560296141
9214.164438405043
9217.925861883483
9221.584029726653
9224.53502881856
9228.185483918196
9231.59872998016
9234.918331234672
9238.106357213328
9241.036659837393
9243.836599120492
9246.52952747004
9249.124987989984
9251.636970487856
9254.085039520563
9256.478033699063
9258.828724570487
9261.15306997944
9263.468269829908
9265.786370766602
9268.115011815087
9270.461311731488
9272.82191224147
9275.208290104714
9277.626063719768
9280.084849128423
9282.583885742722
9285.118237985514
9287.692421701451
9290.30793901102
9292.968766631524
9295.655989281324
9298.358700244664
9301.080654295134
9303.827220874711
9306.605012601007
9309.400820628927
9312.215697893549
9315.053181947293
9317.925647494294
9320.831839932325
9323.758995854225
9326.71023449554
9329.694696108007
9332.716098656379
9335.764224991073
9338.835676787321
9341.937484296399
9345.071636410194
9348.238238423746
9351.428538881111
9354.647877028741
9357.902689230483
9361.195319221535
9364.516292133585
9367.858532312539
9371.221737238968
9374.604467436138
9378.013836828919
9381.441979970969
9384.887696934991
9388.349337355312
9391.824442435913
9395.311625153301
9398.812615530345
9402.324808710258
9405.844594186863
9409.363609985507
9412.888451075558
9416.419160753061
9419.952030207429
9423.481761139346
9427.003015538561
9430.527506609014
9434.053399783534
9437.57807621969
9441.092743566831
9444.598528214363
9448.100864248192
9451.598507927753
9455.084392300281
9458.559540302498
9462.029889220466
9465.496932750419
9468.954579362564
9472.405043632292
9475.853145155883
9479.30420687142
9482.752030745442
9486.200158769409
9489.652802164759
9493.112929801518
9496.58179746423
9500.056768832252
9503.540434557945
9507.036387336313
9510.554357826462
9514.095670338696
9517.6609044499
9521.25145783321
9524.873062019342
9528.532599714894
9532.226193031558
9535.951202315395
9539.710444621094
9543.510986411155
9547.349763649105
9551.223105754014
9555.128873716991
9559.071503201249
9563.048411613101
9567.056770240504
9571.09104657104
9575.152402845009
9579.244113871817
9583.36390741343
9587.497472841396
9591.639832952251
9595.783064309089
9599.916925264575
9604.029078089938
9608.114697086525
9612.17227086224
9616.192684955176
9620.168161509471
9624.091145320279
9627.961473331334
9631.776083676534
9635.529823398083
9639.219290067356
9642.844725569808
9646.404524196547
9649.902734343357
9653.339613290951
9656.71687479496
9660.033795447511
9663.297676649223
9666.535807808747
9669.770603721696
9673.020683208893
9676.30522771191
9679.636270891833
9683.0253452782
9686.489186788458
9690.038453897456
9693.684002749227
9697.429391010044
9701.262402756505
9705.171141718043
9709.160162963355
9713.239904672508
9717.411994517637
9721.682940597839
9726.054893295292
9730.530784426865
9735.11434054547
9739.795200242093
9744.560073568136
9749.405598566933
9754.327349196064
9759.326731049774
9764.390504870082
9769.514118901441
9774.686318159991
9779.877170989041
9785.081314041559
9790.29009839209
9795.50122501109
9800.712619176671
9805.924132447473
9811.131398814285
9820.338859718635
9825.470020164123
9830.538965531139
9835.544054167665
9840.466388365747
9845.2968149195
9850.055621220636
9854.775334751123
9859.454859233905
9864.094096056779
9868.697319772849
9873.265785315547
9877.802288528535
9882.292096270166
9886.714524726576
9891.081421319222
9895.396851955416
9901.004177556439
9907.113742370106
9911.274777548137
9915.383785468475
9919.4265499091
9923.381891077204
9927.246995736226
9931.028430438786
9934.741482226715
9938.396766727174
9942.005217770558
9945.571757246746
9953.00072994843
9956.464925046601
9959.864495095559
9963.212893224943
9966.529223075013
9969.82969545141
9973.13394911027
9976.457532817498
9979.81308389691
9987.087878586024
9990.448353407837
9993.797435000428
9997.152887363194
10000.52852855383
10003.93633145662
10007.38227557765
10010.87735134801
10016.10359467431
10021.82469432273
10025.28578782873
10028.72411603468
10032.15788170098
10035.60050514577
10039.06350767482
10042.55720439137
10047.83771592474
10053.5190144277
10057.0153606063
10060.51860468793
10064.04570704324
10067.61176880868
10071.2317730775
10074.897415006
10082.22375536042
10086.2867489482
10090.02686624006
10093.80664080469
10097.63415533094
10101.519613976
10105.46624252251
10109.45411841015
10117.47488806299
10121.49558619736
10125.51935854229
10129.55215545072
10133.59841938087
10137.65373666035
10141.68936088339
10149.03385553253
10153.70037478867
10157.61833822198
10161.49665458521
10165.34009248273
10169.13853195532
10177.24237595837
10198.60249155828
10205.55801300091
10209.27944983797
10212.93272402411
10216.53781667175
10220.0881955966
10223.59442072299
10227.91322941421
10234.64946169703
10238.11166395204
10241.58420038894
10245.07495640396
10248.57084081909
10252.09654574456
10258.84282345638
10263.40702121143
10267.05980985628
10270.76421212948
10274.88353250891
10298.60285269969
10303.04297830382
10311.28063657126
10315.38480238664
10319.51792619621
10323.65365053045
10327.78769688211
10331.93193441206
10339.08421665979
10344.45063224748
10348.61833205599
10365.72904819026
10377.79183128535
10382.06301530602
10386.63545852128
10394.76131612275
10398.93752043443
10403.03960122219
10407.09005660639
10421.76394268343
10436.33201062463
10444.70883377012
10448.82452667909
10452.8695085947
10456.87168811322
10460.85888843886
10474.34214419411
10494.48771757897
10498.62906910234
10502.7135889313
10506.76300722727
10510.78779170128
10519.09993206134
10535.38737831029
10548.43726213197
10552.39480514706
10556.29232726553
10560.1435825406
10568.2425853258
10571.88654659817
10602.3187149251
10607.66018470282
10611.39188110622
10619.30614975961
10622.64418804706
10625.8336601563
10632.79721701035
10653.93893095191
10661.53215367426
10664.64235290644
10667.7191438193
10670.81194045729
10673.9293653269
10701.81197740114
10708.02694076676
10714.66352848621
10719.31971432347
10723.75891504664
10732.52031460323
10755.73431579318
10770.05923930327
10774.31042298523
10778.42951912305
10786.96576758094
10790.9245280379
10805.44299660835
10821.55688520731
10830.13039247217
10834.76506420943
10842.88276499396
10850.59122395662
10870.79699803525
10887.80741157424
10895.94182603167
10902.2363943868
10908.27552042537
10919.91844180011
10954.19256060801
10959.97864919743
10965.54396631878
10975.56361544859
10980.80988092212
10993.85069041662
11024.18010483076
11036.19954741255
11042.78634959685
11049.08053490933
11056.16545988984
11089.47749932567
11102.60108427701
11111.90254467227
11122.86143380018
11130.7881375543
11161.07512488899
11167.87451307551
11185.82797049385
11195.55654542429
11203.27293582832
11239.4852593002
11246.81166979633
11258.30411459315
11270.2045293099
11284.43039187931
11316.5099696749
11325.23121281078
11337.37747974755
11352.20365405854
11368.93636111785
11401.22784433276
11409.96218842519
11422.34614736878
11436.09783445456
11470.7009954612
11486.99559486228
11495.83557326181
11504.14161069917
11529.44896042472
11557.19788642182
11572.11333390472
11581.58821029723
11598.46760576025
11627.84784720956
11642.2644369817
11654.72935052961
11668.72848699488
11702.60541802207
11711.78282132594
11727.59360210219
11741.22229640453
11773.02599637379
11784.09252425626
11797.23140353081
11823.7664401685
11845.33911149037
11855.06900458697
11867.28469127435
11913.88340366361
11926.41390671008
11941.81084240505
11966.07164633819
12007.79170993432
12023.08971330864
12042.52270691752
12097.30739726682
12115.23715417006
12130.47376582968
12166.99200408242
12181.74884976916
12193.16158376189
12231.86097798299
12249.38872088492
12263.14252875442
12293.6051563221
12321.73586958116
12332.70760546607
12369.99345603231
12389.25952353994
12407.5179920405
12447.22317004381
12461.78403897219
12485.8479023623
12525.82305884416
12538.77898728695
12574.24205433554
12607.01767636082
12621.93026185007
12664.1613737273
12685.99103317554
12733.86725501854
12751.73121694871
12777.1319526761
12825.20749595362
12846.04487424108
12888.52230722659
12919.171771659
12966.19473958117
12986.14977469678
13036.47464008291
13069.16370173495
13114.17423707929
13147.72850194669
13196.71429475824
13248.08541553033
13271.41892245828
13333.43722897815
13382.31625934081
13415.54744946991
13474.3332601453
13530.70953244563
13589.7597932412
13637.36830307669
13692.77028763428
13761.55517004735
13831.08513804724
13897.06665989428
13979.43856426281
14068.47956293172
14190.30815448551
14221.15583503612
14255.69452007526
14296.042931876
14325.87536009491
14370.03943852212
14400.60724723721
14443.80684779612
14475.35165658574
14511.0263771479
14550.70496594623
14584.44030134783
14627.11955592246
14662.25843643541
14704.11343352229
14744.85289173292
14780.93121015917
14828.33801589739
14861.91245369952
14910.00872395943
14944.34302631604
14992.7890837602
15037.08944621832
15077.05415600249
15123.00481330296
15173.13479608008
15223.0124942604
15263.47436911669
15314.27460470439
15363.22574212385
15417.5576911282
15472.89432148603
15532.26626539255
15590.68502362536
15657.24343349715
15724.75781792436
15794.89554513973
15842.65282225511
15891.95984529637
15943.38122934432
15997.82091429814
16052.71194967881
16111.65643735835
16174.18777852626
16243.92283985828
16312.61023608016
16370.1703156419
16423.35430903316
16473.60397497158
16522.11237301119
16569.90651176704
16617.60078474117
16665.54952830652
16713.55441819738
16760.78994897826
16806.73568711117
16851.02551934604
16893.36631844883
16933.49833293202
16971.17967720071
17006.1955855243
17038.38497141
17067.62353598041
17093.83949866119
17117.0311758191
17137.97271401725
17155.46302980629
17170.47446000332
17183.47731798489
17195.11646753183
17206.40491879214
17217.84729909278
17229.43677488636
17241.1589029902
17253.00031579705
17264.95008508824
17276.99622249386
17289.12915998447
17301.18569243999
17313.58907431663
17325.99725384168
17338.47237080608
17350.99258155638
17363.55450957715
17376.15337581115
17388.78254902534
17401.44318541703
17414.14048323046
17426.88401088089
17439.68362255585
17452.54696471803
17465.48120961581
17478.49410240875
17491.59064730416
17504.77784425925
17518.05655307557
17531.42977947975
17544.89758202916
17558.45795327022
17572.10916098478
17585.85140259122
17599.68109422317
17613.59479218204
17627.59246228631
17641.66874949483
17655.81805209928
17670.02557822943
17684.27321283177
17698.55101730441
17712.85180957352
17727.16905193423
17741.49720667183
17755.83076308302
17770.16082884245
17784.47651846009
17798.77518144862
17813.05306340132
17827.3041668721
17841.52539228286
17855.71278096124
17869.86904986978
17883.99478442184
17898.08828459409
17912.15666781845
17926.19460837325
17940.21059845919
17954.21933836953
17968.23378963117
17982.25189061601
17996.2727706109
18010.29522973975
18024.33316121697
18038.38797124824
18052.46748733807
18066.57530162082
18080.70584245495
18094.86236921914
18109.03493536033
18123.22463914252
18137.43201166304
18151.65704307945
18165.90331810253
18180.16680950973
18194.45285381653
18208.14176172013
18222.43469781432
18236.78219209546
18251.19905130727
18265.70781732098
18280.32737161122
18295.07555705602
18309.96878641331
18325.02149756824
18340.24670205117
18355.6540569045
18371.2542464224
18387.05470666287
18403.05982135104
18419.27234320507
18435.68982773485
18452.31109115444
18469.12955842456
18486.13655245692
18503.33361232782
18520.7151973167
18538.27485601013
18556.0180273236
18573.93331161796
18592.00431721178
18610.20932779518
18628.53560967379
18646.97179708983
18665.50343572512
18684.11015027845
18702.78415234994
18721.51506541945
18740.29045423954
18759.09858804882
18777.93030649625
18796.78269974813
18816.03863963345
18835.13136306727
18854.18114575989
18873.27185929737
18892.38400405337
18911.54709010253
18930.78522801784
18950.12689027958
18969.59539736206
18989.21804184842
19009.00687408218
19028.98707232899
19049.18639177133
19069.64686950441
19090.35442596098
19111.31515646384
19132.53056920356
19154.01539378576
19175.77886627389
19197.81499576076
19220.11395800845
19242.67061265308
19265.46431005116
19288.48918161738
19311.74730046547
19335.20465303603
19358.82497701202
19382.5928919878
19406.49949175037
19430.55661415298
19454.74067188611
19479.03276168011
19503.41126360602
19527.84937311389
19552.32599582035
19576.81026797977
19601.30868291024
19625.81250947575
19650.29200112825
19674.71988936879
19699.0633898289
19723.33919790827
19747.54868299358
19771.69870774457
19795.80742110333
19819.90326053877
19843.9930205231
19868.10817011492
19892.2478503781
19916.43584642805
19940.66768940459
19964.9676663875
19989.32662052585
20013.76189989482
20038.27019022534
20062.87480173778
20087.56880795198
20112.36784556809
20137.26567087519
20162.27552138946
20187.38111399236
20212.58745392114
20237.88439871791
20263.26530737466
20288.70658384326
20314.1931854815
20339.71986930193
20365.26301698195
20390.81278525225
20416.34679301443
20441.866364525
20467.35944191966
20492.82742786877
20518.29575177021
20543.77301895719
20569.25017110016
20594.6499335215
20619.92274998077
20645.07045102462
20670.01269669779
20694.68297420294
20719.02355158745
20742.97249856868
20766.48300524446
20789.50586067687
20811.97589100709
20833.83401520467
20855.02848105469
20875.51165842247
20895.24287270976
20914.2554302805
20932.53679389638
20950.05543653748
20966.78293168314
20982.70171500321
20997.86579777245
21012.27865852361
21025.98696196501
21039.02137196578
21051.44648045686
21063.28349793709
21074.59833899709
21085.41001408983
21095.79797076432
21105.80954959625
21115.52789701114
21125.02231769837
21134.38093809378
21143.70491558289
21153.12102076815
21162.79675552545
21172.87966506108
21183.43672695821
21194.46109454207
21206.01717713953
21218.09159362797
21230.68937610021
21243.78814778254
21257.38733731844
21271.45643804498
21285.97792157833
21300.9200759028
21316.24581173282
21331.9268832542
21347.92708175347
21364.23004267982
21380.82609923317
21397.73273584318
21414.90102259979
21432.31946474847
21449.93511055256
21467.7579698174
21485.78710722465
21503.99953503639
21522.42269472206
21541.03112032562
21559.85830867061
21578.87916915509
21598.10890098018
21617.53888056196
21637.18297721386
21657.03117785298
21677.09957472599
21697.38126075005
21717.87462070287
21738.59499705541
21759.5184910282
21780.67237255526
21802.04482115239
21823.65400024392
21845.48475179953
21867.56259654084
21889.88473946452
21912.46438417755
21935.30864458982
21958.43089859285
21981.84502081799
22005.5618488649
22029.60974655133
22054.00006895814
22078.76062153816
22103.91334357491
22129.50412648627
22155.55350772188
22182.09901746611
22209.17825688377
22236.84713549104
22265.18073064154
22294.29814620247
22324.33480911062
22355.36940852041
22387.31340907406
22420.03810523041
22453.44376508872
22487.40632861673
22521.82324669574
22556.58395425307
22591.5896832425
22626.74776518994
22661.95773698117
22697.13924297873
22732.19813710977
22767.05275401403
22801.64300184485
22835.89785430905
22869.75780202086
22903.17213339587
22936.08330693595
22968.44239222959
23000.20443154281
23031.32804679068
23061.77140582721
23091.50055098749
23120.48348920333
23148.69480559987
23176.11001417026
23202.70644116292
23228.46726776124
23253.38405002056
23277.43883218589
23300.62655491618
23322.9557819652
23344.43390673901
23365.06228074273
23384.86510275145
23403.87656787838
23422.14075445243
23439.71659417906
23456.71142188752
23473.26516977268
23489.53027795706
23505.58372467821
23521.43380814177
23537.08535113219
23552.54056933698
23567.80892528168
23582.89784162924
23597.82020452536
23612.58577227471
23627.20580345267
23641.70249934472
23656.0907253617
23670.39129391018
23684.63265301608
23698.83161519752
23713.00847341795
23727.17806481832
23741.3615739675
23755.58241219119
23769.85529027645
23784.19631540749
23798.61241978479
23813.11762743564
23827.72115257476
23842.42908917239
23857.26037195052
23872.21284105748
23887.29504018424
23902.51866324466
23917.88188653464
23933.39523990162
23949.06432950569
23964.87793379932
23980.84320292523
23996.96574531645
24013.25543050337
24029.71121088216
24046.33987173775
24063.15363727753
24080.15248029014
24097.34532280061
24114.73448745609
24132.33177343108
24150.13712681748
24168.15689794125
24186.39367358461
24204.85688520192
24223.5466908199
24244.5818461012
24263.79107450408
24283.21653109313
24302.88779138734
24322.810242145
24342.97657795703
24363.38149166984
24384.02347137574
24404.89627044023
24425.99047861028
24447.2951183281
24468.80114023519
24490.49798107662
24512.37718563038
24534.43390351014
24556.66293726545
24579.05775508669
24601.6114202198
24624.31804907347
24647.17047987495
24670.16200723135
24693.28887451701
24716.54363053072
24739.91894701292
24763.41968114757
24787.0507025459
24810.81545442342
24834.7210430488
24858.77619541805
24882.99797079439
24907.37387431075
24931.87891327337
24956.48512569137
24981.16632916891
25005.89116570884
25030.62032781131
25055.32040298321
25079.95733035337
25104.50037528825
25128.92982394105
25153.25483858593
25177.53973194958
25201.1187840703
25225.24093241818
25249.11461899505
25272.7030902163
25295.93025828274
25318.7326606414
25341.05741137588
25362.86316757916
25384.12403237127
25404.83641990952
25425.01963447285
25444.72570076261
25464.03178569308
25483.00868156465
25501.70693899957
25520.16519765307
25538.41482999786
25556.480349414
25574.37781478431
25592.12093244927
25609.72056677525
25627.18491462972
25644.51208536084
25661.67217884254
25678.61703804429
25695.27989779862
25711.64507016017
25727.73778729159
25743.56586973513
25759.13743544047
25774.45484384881
25789.52102128066
25804.33957173093
25818.912843643
25833.23863334009
25847.31776128964
25861.15204289208
25874.73828142573
25888.07192692765
25901.14749703582
25913.95199492727
25926.46894212671
25938.71079975319
25950.69880794596
25962.44032802375
25973.94156659387
25985.21969724028
25996.28285161741
26006.17804963686
26016.85979941665
26027.38808720631
26037.71877316223
26047.85408387809
26057.79215237172
26067.52122954319
26077.03390084327
26086.32872106653
26095.39561003997
26104.21460001963
26112.76737733856
26121.03031829137
26128.9736089082
26136.59110513163
26143.88473644697
26150.84348090849
26157.45594935777
26163.72224605373
26169.64272493225
26175.20876456281
26180.4150653852
26185.2699389414
26189.77334073399
26193.92284459759
26197.72631588353
26201.20115532709
26204.34924140959
26207.17515496425
26209.69649445174
26211.91836727105
26213.84390164219
26215.48491367
26216.8542835864
26217.95639392686
26218.80011280152
26219.38725900723
26219.71618711781
26219.79868823768
26219.64606305744
26219.25930877648
26218.64739996932
26217.82448882856
26216.80963737804
26215.59786569924
26214.19838981468
26212.62688041613
26210.89152216652
26208.99493946713
26206.95324263905
26204.78133940162
26202.47706142955
26200.05546725584
26197.54722774151
26194.96347697071
26192.30790281166
26189.60440507494
26186.87070383009
26184.11217973685
26181.34918670951
26178.60738688188
26175.90296401046
26173.22958725834
26170.59953676566
26168.01778980955
26165.48696285906
26163.01346962953
26160.60381936312
26158.26068462936
26155.98259913163
26153.77043145392
26151.62424887378
26149.5488544725
26147.55626944646
26145.6536667636
26143.83981645225
26142.12351200433
26140.51301782939
26139.02158713789
26137.66544423729
26136.43724532525
26135.33710856074
26134.37472074374
26133.55863621124
26132.88723789614
26132.37084630094
26132.02074892454
26131.84133479937
26131.83594833259
26132.00785640172
26132.3602783202
26132.91742556297
26133.83853188209
26135.18604772018
26136.96283591448
26139.17181594824
26141.83262585126
26144.94023711184
26148.47815240706
26152.44640355895
26156.83434081572
26161.6392406884
26166.85755561891
26172.48806446296
26178.60460265834
26185.94258771323
26195.67787778757
26209.08835572257
26227.45999577955
26252.32327560424
26285.74971761845
26331.11830942402
26389.72319340411
26460.99867926423
26544.36042716184
26639.20341585697
26744.92552574301
26860.93283897262
26986.61864607549
27121.390824518
27264.6446941337
27415.77950083945
27574.19208789424
27739.27958443201
27910.4310489396
28087.04313679018
28268.50427040848
28454.18608921189
28643.44790261468
28835.67252003323
29030.24196744113
29226.5284478004
29423.94553303913
29621.89809273853
29819.74058931168
30016.89447233989
30212.72298098409
30406.64373471446
30598.03067447806
30786.30931660166
30970.91997022084
31151.31051371332
31326.87252208922
31497.03487597788
31661.19847804312
31818.78943530326
31969.1765759303
32111.6973868844
32245.76844000744
32370.86138364313
32486.46567334966
32592.25643248056
32688.02807031134
32774.37323721513
32851.97499530098
32922.63330254787
32988.00716191626
33048.79246300216
33105.13193406178
33157.63010699378
33206.42220984094
33252.105695331
33294.84007015157
33335.18319191668
33373.31635525447
33409.7496523605
33444.74991855287
33479.02418909859
33512.72039886048
33546.01337293196
33579.24262877894
33612.94878461416
33647.27203615796
33683.27066677342
